64 4 256 4.733727837e-05 0.01207100599
-8450
4225
0
0
0
0
0
0
0
0
0
0
0
0
0
0
0
0
0
0
0
0
0
0
0
0
0
0
0
0
0
0
0
0
0
0
0
0
0
0
0
0
0
0
0
0
0
0
0
0
0
0
0
0
0
0
0
0
0
0
0
0
0
0
4225
-8450
4225
0
0
0
0
0
0
0
0
0
0
0
0
0
0
0
0
0
0
0
0
0
0
0
0
0
0
0
0
0
0
0
0
0
0
0
0
0
0
0
0
0
0
0
0
0
0
0
0
0
0
0
0
0
0
0
0
0
0
0
0
0
0
4225
-8450
4225
0
0
0
0
0
0
0
0
0
0
0
0
0
0
0
0
0
0
0
0
0
0
0
0
0
0
0
0
0
0
0
0
0
0
0
0
0
0
0
0
0
0
0
0
0
0
0
0
0
0
0
0
0
0
0
0
0
0
0
0
0
0
4225
-8450
4225
0
0
0
0
0
0
0
0
0
0
0
0
0
0
0
0
0
0
0
0
0
0
0
0
0
0
0
0
0
0
0
0
0
0
0
0
0
0
0
0
0
0
0
0
0
0
0
0
0
0
0
0
0
0
0
0
0
0
0
0
0
0
4225
-8450
4225
0
0
0
0
0
0
0
0
0
0
0
0
0
0
0
0
0
0
0
0
0
0
0
0
0
0
0
0
0
0
0
0
0
0
0
0
0
0
0
0
0
0
0
0
0
0
0
0
0
0
0
0
0
0
0
0
0
0
0
0
0
0
4225
-8450
4225
0
0
0
0
0
0
0
0
0
0
0
0
0
0
0
0
0
0
0
0
0
0
0
0
0
0
0
0
0
0
0
0
0
0
0
0
0
0
0
0
0
0
0
0
0
0
0
0
0
0
0
0
0
0
0
0
0
0
0
0
0
0
4225
-8450
4225
0
0
0
0
0
0
0
0
0
0
0
0
0
0
0
0
0
0
0
0
0
0
0
0
0
0
0
0
0
0
0
0
0
0
0
0
0
0
0
0
0
0
0
0
0
0
0
0
0
0
0
0
0
0
0
0
0
0
0
0
0
0
4225
-8450
4225
0
0
0
0
0
0
0
0
0
0
0
0
0
0
0
0
0
0
0
0
0
0
0
0
0
0
0
0
0
0
0
0
0
0
0
0
0
0
0
0
0
0
0
0
0
0
0
0
0
0
0
0
0
0
0
0
0
0
0
0
0
0
4225
-8450
4225
0
0
0
0
0
0
0
0
0
0
0
0
0
0
0
0
0
0
0
0
0
0
0
0
0
0
0
0
0
0
0
0
0
0
0
0
0
0
0
0
0
0
0
0
0
0
0
0
0
0
0
0
0
0
0
0
0
0
0
0
0
0
4225
-8450
4225
0
0
0
0
0
0
0
0
0
0
0
0
0
0
0
0
0
0
0
0
0
0
0
0
0
0
0
0
0
0
0
0
0
0
0
0
0
0
0
0
0
0
0
0
0
0
0
0
0
0
0
0
0
0
0
0
0
0
0
0
0
0
4225
-8450
4225
0
0
0
0
0
0
0
0
0
0
0
0
0
0
0
0
0
0
0
0
0
0
0
0
0
0
0
0
0
0
0
0
0
0
0
0
0
0
0
0
0
0
0
0
0
0
0
0
0
0
0
0
0
0
0
0
0
0
0
0
0
0
4225
-8450
4225
0
0
0
0
0
0
0
0
0
0
0
0
0
0
0
0
0
0
0
0
0
0
0
0
0
0
0
0
0
0
0
0
0
0
0
0
0
0
0
0
0
0
0
0
0
0
0
0
0
0
0
0
0
0
0
0
0
0
0
0
0
0
4225
-8450
4225
0
0
0
0
0
0
0
0
0
0
0
0
0
0
0
0
0
0
0
0
0
0
0
0
0
0
0
0
0
0
0
0
0
0
0
0
0
0
0
0
0
0
0
0
0
0
0
0
0
0
0
0
0
0
0
0
0
0
0
0
0
0
4225
-8450
4225
0
0
0
0
0
0
0
0
0
0
0
0
0
0
0
0
0
0
0
0
0
0
0
0
0
0
0
0
0
0
0
0
0
0
0
0
0
0
0
0
0
0
0
0
0
0
0
0
0
0
0
0
0
0
0
0
0
0
0
0
0
0
4225
-8450
4225
0
0
0
0
0
0
0
0
0
0
0
0
0
0
0
0
0
0
0
0
0
0
0
0
0
0
0
0
0
0
0
0
0
0
0
0
0
0
0
0
0
0
0
0
0
0
0
0
0
0
0
0
0
0
0
0
0
0
0
0
0
0
4225
-8450
4225
0
0
0
0
0
0
0
0
0
0
0
0
0
0
0
0
0
0
0
0
0
0
0
0
0
0
0
0
0
0
0
0
0
0
0
0
0
0
0
0
0
0
0
0
0
0
0
0
0
0
0
0
0
0
0
0
0
0
0
0
0
0
4225
-8450
4225
0
0
0
0
0
0
0
0
0
0
0
0
0
0
0
0
0
0
0
0
0
0
0
0
0
0
0
0
0
0
0
0
0
0
0
0
0
0
0
0
0
0
0
0
0
0
0
0
0
0
0
0
0
0
0
0
0
0
0
0
0
0
4225
-8450
4225
0
0
0
0
0
0
0
0
0
0
0
0
0
0
0
0
0
0
0
0
0
0
0
0
0
0
0
0
0
0
0
0
0
0
0
0
0
0
0
0
0
0
0
0
0
0
0
0
0
0
0
0
0
0
0
0
0
0
0
0
0
0
4225
-8450
4225
0
0
0
0
0
0
0
0
0
0
0
0
0
0
0
0
0
0
0
0
0
0
0
0
0
0
0
0
0
0
0
0
0
0
0
0
0
0
0
0
0
0
0
0
0
0
0
0
0
0
0
0
0
0
0
0
0
0
0
0
0
0
4225
-8450
4225
0
0
0
0
0
0
0
0
0
0
0
0
0
0
0
0
0
0
0
0
0
0
0
0
0
0
0
0
0
0
0
0
0
0
0
0
0
0
0
0
0
0
0
0
0
0
0
0
0
0
0
0
0
0
0
0
0
0
0
0
0
0
4225
-8450
4225
0
0
0
0
0
0
0
0
0
0
0
0
0
0
0
0
0
0
0
0
0
0
0
0
0
0
0
0
0
0
0
0
0
0
0
0
0
0
0
0
0
0
0
0
0
0
0
0
0
0
0
0
0
0
0
0
0
0
0
0
0
0
4225
-8450
4225
0
0
0
0
0
0
0
0
0
0
0
0
0
0
0
0
0
0
0
0
0
0
0
0
0
0
0
0
0
0
0
0
0
0
0
0
0
0
0
0
0
0
0
0
0
0
0
0
0
0
0
0
0
0
0
0
0
0
0
0
0
0
4225
-8450
4225
0
0
0
0
0
0
0
0
0
0
0
0
0
0
0
0
0
0
0
0
0
0
0
0
0
0
0
0
0
0
0
0
0
0
0
0
0
0
0
0
0
0
0
0
0
0
0
0
0
0
0
0
0
0
0
0
0
0
0
0
0
0
4225
-8450
4225
0
0
0
0
0
0
0
0
0
0
0
0
0
0
0
0
0
0
0
0
0
0
0
0
0
0
0
0
0
0
0
0
0
0
0
0
0
0
0
0
0
0
0
0
0
0
0
0
0
0
0
0
0
0
0
0
0
0
0
0
0
0
4225
-8450
4225
0
0
0
0
0
0
0
0
0
0
0
0
0
0
0
0
0
0
0
0
0
0
0
0
0
0
0
0
0
0
0
0
0
0
0
0
0
0
0
0
0
0
0
0
0
0
0
0
0
0
0
0
0
0
0
0
0
0
0
0
0
0
4225
-8450
4225
0
0
0
0
0
0
0
0
0
0
0
0
0
0
0
0
0
0
0
0
0
0
0
0
0
0
0
0
0
0
0
0
0
0
0
0
0
0
0
0
0
0
0
0
0
0
0
0
0
0
0
0
0
0
0
0
0
0
0
0
0
0
4225
-8450
4225
0
0
0
0
0
0
0
0
0
0
0
0
0
0
0
0
0
0
0
0
0
0
0
0
0
0
0
0
0
0
0
0
0
0
0
0
0
0
0
0
0
0
0
0
0
0
0
0
0
0
0
0
0
0
0
0
0
0
0
0
0
0
4225
-8450
4225
0
0
0
0
0
0
0
0
0
0
0
0
0
0
0
0
0
0
0
0
0
0
0
0
0
0
0
0
0
0
0
0
0
0
0
0
0
0
0
0
0
0
0
0
0
0
0
0
0
0
0
0
0
0
0
0
0
0
0
0
0
0
4225
-8450
4225
0
0
0
0
0
0
0
0
0
0
0
0
0
0
0
0
0
0
0
0
0
0
0
0
0
0
0
0
0
0
0
0
0
0
0
0
0
0
0
0
0
0
0
0
0
0
0
0
0
0
0
0
0
0
0
0
0
0
0
0
0
0
4225
-8450
4225
0
0
0
0
0
0
0
0
0
0
0
0
0
0
0
0
0
0
0
0
0
0
0
0
0
0
0
0
0
0
0
0
0
0
0
0
0
0
0
0
0
0
0
0
0
0
0
0
0
0
0
0
0
0
0
0
0
0
0
0
0
0
4225
-8450
4225
0
0
0
0
0
0
0
0
0
0
0
0
0
0
0
0
0
0
0
0
0
0
0
0
0
0
0
0
0
0
0
0
0
0
0
0
0
0
0
0
0
0
0
0
0
0
0
0
0
0
0
0
0
0
0
0
0
0
0
0
0
0
4225
-8450
4225
0
0
0
0
0
0
0
0
0
0
0
0
0
0
0
0
0
0
0
0
0
0
0
0
0
0
0
0
0
0
0
0
0
0
0
0
0
0
0
0
0
0
0
0
0
0
0
0
0
0
0
0
0
0
0
0
0
0
0
0
0
0
4225
-8450
4225
0
0
0
0
0
0
0
0
0
0
0
0
0
0
0
0
0
0
0
0
0
0
0
0
0
0
0
0
0
0
0
0
0
0
0
0
0
0
0
0
0
0
0
0
0
0
0
0
0
0
0
0
0
0
0
0
0
0
0
0
0
0
4225
-8450
4225
0
0
0
0
0
0
0
0
0
0
0
0
0
0
0
0
0
0
0
0
0
0
0
0
0
0
0
0
0
0
0
0
0
0
0
0
0
0
0
0
0
0
0
0
0
0
0
0
0
0
0
0
0
0
0
0
0
0
0
0
0
0
4225
-8450
4225
0
0
0
0
0
0
0
0
0
0
0
0
0
0
0
0
0
0
0
0
0
0
0
0
0
0
0
0
0
0
0
0
0
0
0
0
0
0
0
0
0
0
0
0
0
0
0
0
0
0
0
0
0
0
0
0
0
0
0
0
0
0
4225
-8450
4225
0
0
0
0
0
0
0
0
0
0
0
0
0
0
0
0
0
0
0
0
0
0
0
0
0
0
0
0
0
0
0
0
0
0
0
0
0
0
0
0
0
0
0
0
0
0
0
0
0
0
0
0
0
0
0
0
0
0
0
0
0
0
4225
-8450
4225
0
0
0
0
0
0
0
0
0
0
0
0
0
0
0
0
0
0
0
0
0
0
0
0
0
0
0
0
0
0
0
0
0
0
0
0
0
0
0
0
0
0
0
0
0
0
0
0
0
0
0
0
0
0
0
0
0
0
0
0
0
0
4225
-8450
4225
0
0
0
0
0
0
0
0
0
0
0
0
0
0
0
0
0
0
0
0
0
0
0
0
0
0
0
0
0
0
0
0
0
0
0
0
0
0
0
0
0
0
0
0
0
0
0
0
0
0
0
0
0
0
0
0
0
0
0
0
0
0
4225
-8450
4225
0
0
0
0
0
0
0
0
0
0
0
0
0
0
0
0
0
0
0
0
0
0
0
0
0
0
0
0
0
0
0
0
0
0
0
0
0
0
0
0
0
0
0
0
0
0
0
0
0
0
0
0
0
0
0
0
0
0
0
0
0
0
4225
-8450
4225
0
0
0
0
0
0
0
0
0
0
0
0
0
0
0
0
0
0
0
0
0
0
0
0
0
0
0
0
0
0
0
0
0
0
0
0
0
0
0
0
0
0
0
0
0
0
0
0
0
0
0
0
0
0
0
0
0
0
0
0
0
0
4225
-8450
4225
0
0
0
0
0
0
0
0
0
0
0
0
0
0
0
0
0
0
0
0
0
0
0
0
0
0
0
0
0
0
0
0
0
0
0
0
0
0
0
0
0
0
0
0
0
0
0
0
0
0
0
0
0
0
0
0
0
0
0
0
0
0
4225
-8450
4225
0
0
0
0
0
0
0
0
0
0
0
0
0
0
0
0
0
0
0
0
0
0
0
0
0
0
0
0
0
0
0
0
0
0
0
0
0
0
0
0
0
0
0
0
0
0
0
0
0
0
0
0
0
0
0
0
0
0
0
0
0
0
4225
-8450
4225
0
0
0
0
0
0
0
0
0
0
0
0
0
0
0
0
0
0
0
0
0
0
0
0
0
0
0
0
0
0
0
0
0
0
0
0
0
0
0
0
0
0
0
0
0
0
0
0
0
0
0
0
0
0
0
0
0
0
0
0
0
0
4225
-8450
4225
0
0
0
0
0
0
0
0
0
0
0
0
0
0
0
0
0
0
0
0
0
0
0
0
0
0
0
0
0
0
0
0
0
0
0
0
0
0
0
0
0
0
0
0
0
0
0
0
0
0
0
0
0
0
0
0
0
0
0
0
0
0
4225
-8450
4225
0
0
0
0
0
0
0
0
0
0
0
0
0
0
0
0
0
0
0
0
0
0
0
0
0
0
0
0
0
0
0
0
0
0
0
0
0
0
0
0
0
0
0
0
0
0
0
0
0
0
0
0
0
0
0
0
0
0
0
0
0
0
4225
-8450
4225
0
0
0
0
0
0
0
0
0
0
0
0
0
0
0
0
0
0
0
0
0
0
0
0
0
0
0
0
0
0
0
0
0
0
0
0
0
0
0
0
0
0
0
0
0
0
0
0
0
0
0
0
0
0
0
0
0
0
0
0
0
0
4225
-8450
4225
0
0
0
0
0
0
0
0
0
0
0
0
0
0
0
0
0
0
0
0
0
0
0
0
0
0
0
0
0
0
0
0
0
0
0
0
0
0
0
0
0
0
0
0
0
0
0
0
0
0
0
0
0
0
0
0
0
0
0
0
0
0
4225
-8450
4225
0
0
0
0
0
0
0
0
0
0
0
0
0
0
0
0
0
0
0
0
0
0
0
0
0
0
0
0
0
0
0
0
0
0
0
0
0
0
0
0
0
0
0
0
0
0
0
0
0
0
0
0
0
0
0
0
0
0
0
0
0
0
4225
-8450
4225
0
0
0
0
0
0
0
0
0
0
0
0
0
0
0
0
0
0
0
0
0
0
0
0
0
0
0
0
0
0
0
0
0
0
0
0
0
0
0
0
0
0
0
0
0
0
0
0
0
0
0
0
0
0
0
0
0
0
0
0
0
0
4225
-8450
4225
0
0
0
0
0
0
0
0
0
0
0
0
0
0
0
0
0
0
0
0
0
0
0
0
0
0
0
0
0
0
0
0
0
0
0
0
0
0
0
0
0
0
0
0
0
0
0
0
0
0
0
0
0
0
0
0
0
0
0
0
0
0
4225
-8450
4225
0
0
0
0
0
0
0
0
0
0
0
0
0
0
0
0
0
0
0
0
0
0
0
0
0
0
0
0
0
0
0
0
0
0
0
0
0
0
0
0
0
0
0
0
0
0
0
0
0
0
0
0
0
0
0
0
0
0
0
0
0
0
4225
-8450
4225
0
0
0
0
0
0
0
0
0
0
0
0
0
0
0
0
0
0
0
0
0
0
0
0
0
0
0
0
0
0
0
0
0
0
0
0
0
0
0
0
0
0
0
0
0
0
0
0
0
0
0
0
0
0
0
0
0
0
0
0
0
0
4225
-8450
4225
0
0
0
0
0
0
0
0
0
0
0
0
0
0
0
0
0
0
0
0
0
0
0
0
0
0
0
0
0
0
0
0
0
0
0
0
0
0
0
0
0
0
0
0
0
0
0
0
0
0
0
0
0
0
0
0
0
0
0
0
0
0
4225
-8450
4225
0
0
0
0
0
0
0
0
0
0
0
0
0
0
0
0
0
0
0
0
0
0
0
0
0
0
0
0
0
0
0
0
0
0
0
0
0
0
0
0
0
0
0
0
0
0
0
0
0
0
0
0
0
0
0
0
0
0
0
0
0
0
4225
-8450
4225
0
0
0
0
0
0
0
0
0
0
0
0
0
0
0
0
0
0
0
0
0
0
0
0
0
0
0
0
0
0
0
0
0
0
0
0
0
0
0
0
0
0
0
0
0
0
0
0
0
0
0
0
0
0
0
0
0
0
0
0
0
0
4225
-8450
4225
0
0
0
0
0
0
0
0
0
0
0
0
0
0
0
0
0
0
0
0
0
0
0
0
0
0
0
0
0
0
0
0
0
0
0
0
0
0
0
0
0
0
0
0
0
0
0
0
0
0
0
0
0
0
0
0
0
0
0
0
0
0
4225
-8450
4225
0
0
0
0
0
0
0
0
0
0
0
0
0
0
0
0
0
0
0
0
0
0
0
0
0
0
0
0
0
0
0
0
0
0
0
0
0
0
0
0
0
0
0
0
0
0
0
0
0
0
0
0
0
0
0
0
0
0
0
0
0
0
4225
-8450
4225
0
0
0
0
0
0
0
0
0
0
0
0
0
0
0
0
0
0
0
0
0
0
0
0
0
0
0
0
0
0
0
0
0
0
0
0
0
0
0
0
0
0
0
0
0
0
0
0
0
0
0
0
0
0
0
0
0
0
0
0
0
0
4225
-8450
4225
0
0
0
0
0
0
0
0
0
0
0
0
0
0
0
0
0
0
0
0
0
0
0
0
0
0
0
0
0
0
0
0
0
0
0
0
0
0
0
0
0
0
0
0
0
0
0
0
0
0
0
0
0
0
0
0
0
0
0
0
0
0
4225
-8450
4225
0
0
0
0
0
0
0
0
0
0
0
0
0
0
0
0
0
0
0
0
0
0
0
0
0
0
0
0
0
0
0
0
0
0
0
0
0
0
0
0
0
0
0
0
0
0
0
0
0
0
0
0
0
0
0
0
0
0
0
0
0
0
4225
-8450
4225
0
0
0
0
0
0
0
0
0
0
0
0
0
0
0
0
0
0
0
0
0
0
0
0
0
0
0
0
0
0
0
0
0
0
0
0
0
0
0
0
0
0
0
0
0
0
0
0
0
0
0
0
0
0
0
0
0
0
0
0
0
0
4225
-8450
4225
0
0
0
0
0
0
0
0
0
0
0
0
0
0
0
0
0
0
0
0
0
0
0
0
0
0
0
0
0
0
0
0
0
0
0
0
0
0
0
0
0
0
0
0
0
0
0
0
0
0
0
0
0
0
0
0
0
0
0
0
0
0
4225
-8450
4225
0
0
0
0
0
0
0
0
0
0
0
0
0
0
0
0
0
0
0
0
0
0
0
0
0
0
0
0
0
0
0
0
0
0
0
0
0
0
0
0
0
0
0
0
0
0
0
0
0
0
0
0
0
0
0
0
0
0
0
0
0
0
4225
-8450
0.460000038
0.850000024
0.679999948
-0.600000024
-0.75
0.399999976
-0.279999971
0.75999999
-0.99000001
-0.360000014
-0.420000017
0.24000001
0.929999948
0.389999986
-0.980000019
-0.590000033
-0.360000014
0.75
-0.99000001
-0.0500000119
0.149999976
0.419999957
-0.620000005
-0.420000017
-0.269999981
-0.529999971
-0.149999976
0.370000005
-0.319999993
0.980000019
-0.459999979
-0.860000014
0.360000014
0.74000001
-0.939999998
0.610000014
0.149999976
-0.220000029
-0.100000024
-0.319999993
-0.0600000024
0.480000019
0.919999957
-0.129999995
-0.120000005
0.470000029
-0.189999998
0.519999981
0.220000029
-0.180000007
0.99000001
0.889999986
-0.75999999
-0.629999995
-0.519999981
-0.0299999714
-0.639999986
-0.149999976
0.860000014
0.0399999619
-0.649999976
-0.590000033
-0.290000021
0.710000038
0.669999957
-0.230000019
0.330000043
-0.180000007
0.0800000429
-0.769999981
0.5
-0.980000019
0.230000019
-0.0500000119
-0.100000024
-0.889999986
-0.580000043
0.710000038
0.149999976
0.159999967
-0.470000029
-0.339999974
0.0599999428
-0.230000019
0.0399999619
0.0599999428
0.25999999
0.399999976
0.909999967
0.129999995
0.970000029
-0.74000001
0.0599999428
-0.319999993
0.980000019
-0.269999981
0.450000048
-0.170000017
0.559999943
-0.949999988
0.0599999428
-0.420000017
-0.920000017
-0.710000038
0.529999971
-0.0199999809
0.929999948
0.470000029
-0.790000021
-0.399999976
-0.840000033
-0.25999999
0.269999981
0.220000029
0.0299999714
0.830000043
0.799999952
0.809999943
0.230000019
0.710000038
-0.0600000024
-0.279999971
0.49000001
0.519999981
0.399999976
0.470000029
-0.74000001
-0.620000005
-0.699999988
0.340000033
-0.569999993
-0.120000005
0.440000057
-0.49000001
-0.300000012
-0.0199999809
0.00999999046
-0.850000024
-0.550000012
0.220000029
-0.730000019
-0.870000005
0.480000019
0.539999962
0.350000024
-0.970000029
-0.110000014
0.149999976
0.850000024
-0.870000005
-0.620000005
-0.689999998
-0.629999995
0.879999995
0.840000033
0.779999971
-0.129999995
0.620000005
0.679999948
-0.300000012
-0.519999981
-0.889999986
0.100000024
0.919999957
-0.850000024
0.320000052
-0.100000024
-0.319999993
0.470000029
-0.120000005
0.429999948
0.269999981
0.00999999046
-0.569999993
-0.669999957
0.889999986
-0.529999971
0.230000019
-0.439999998
0.840000033
-0.120000005
-0.529999971
-0.850000024
0.25
-0.649999976
0.50999999
0.0299999714
-0.25999999
0.129999995
-0.290000021
0.440000057
0.129999995
-0.649999976
-0.930000007
0.0599999428
-0.5
0.389999986
0.480000019
-0.300000012
-0.610000014
0.879999995
-0.870000005
0.659999967
-0.580000043
-0.430000007
0.99000001
-0.689999998
-0.439999998
0.220000029
-0.610000014
-0.600000024
-0.899999976
-0.139999986
-0.449999988
0.360000014
-0.269999981
0.590000033
0.909999967
0
-0.75999999
-0.370000005
-0.560000002
0.379999995
-0.5
-0.49000001
-0.560000002
-0.480000019
0.429999948
0.440000057
0.220000029
0.820000052
0.330000043
-0.120000005
0.480000019
0.75
0.450000048
0.470000029
0.580000043
-0.99000001
-0.779999971
0.49000001
-0.590000033
-0.680000007
0.879999995
-0.519999981
0.200000048
-0.389999986
-0.930000007
0.120000005
0.610000014
-0.680000007
0.269999981
0.580000043
0.700000048
0.769999981
0.610000014
-0.00719242357
-0.0143689997
-0.0215123277
-0.0286019742
-0.0356131718
-0.0425157249
-0.0492732339
-0.055842638
-0.0621741265
-0.0682114884
-0.07389272
-0.0791511238
-0.0839166865
-0.0881177783
-0.0916830078
-0.0945433304
-0.0966342017
-0.0978976935
-0.0982846618
-0.0977566168
-0.0962874442
-0.0938649327
-0.0904917642
-0.0861864015
-0.080983445
-0.0749337226
-0.0681040511
-0.0605766326
-0.0524482504
-0.0438291207
-0.0348415896
-0.0256185047
-0.0163013134
-0.00703789899
0.00201994949
0.0107194306
0.0189100187
0.0264471173
0.0331960581
0.0390363298
0.0438659005
0.0476054512
0.0502022579
0.0516334884
0.0519086346
0.0510707796
0.049196586
0.0463946834
0.0428025685
0.0385818593
0.0339121819
0.0289838258
0.0239895452
0.0191159062
0.0145346848
0.0103947427
0.00681490172
0.003878274
0.00162836688
6.727039e-05
-0.000843946007
-0.00118260388
-0.00105967396
-0.000613164622
-0.00742346421
-0.0146304611
-0.0214103684
-0.0275641773
-0.0329100601
-0.0372886732
-0.0405680574
-0.0426479392
-0.0434634015
-0.0429876857
-0.0412338898
-0.0382555984
-0.0341461003
-0.0290363003
-0.0230910722
-0.0165042914
-0.00949242525
-0.00228699041
0.00487395935
0.0117549971
0.0181327611
0.0238052737
0.0286007151
0.0323851816
0.0350691006
0.0366118439
0.0370243341
0.0363694243
0.0347599313
0.0323544182
0.0293507576
0.0259778611
0.0224857889
0.0191347357
0.0161833595
0.0138769532
0.0124360109
0.0120456554
0.012846454
0.0149269784
0.0183184762
0.0229918975
0.0288574193
0.0357665233
0.0435165241
0.0518574454
0.0605009235
0.0691307783
0.0774149001
0.085017845
0.0916136429
0.0968985334
0.100602627
0.10250058
0.102420375
0.100250229
0.0959432721
0.089519769
0.0810669959
0.0707367361
0.058740586
0.0453432351
0.030854011
0.0156169748
-0.0139484415
-0.0276413616
-0.0408295132
-0.0532760099
-0.0647620335
-0.0750920027
-0.0840981081
-0.0916439667
-0.0976274386
-0.101982534
-0.1046803
-0.10572879
-0.10517209
-0.103088379
-0.099587366
-0.0948068053
-0.0889084414
-0.0820734501
-0.0744973347
-0.0663846657
-0.0579435304
-0.049380023
-0.0408929102
-0.0326685719
-0.0248764604
-0.0176652651
-0.0111598503
-0.00545918476
-0.000635221484
0.00326715363
0.0062292139
0.00825659465
0.00937678572
0.00963608548
0.00909627322
0.00783118512
0.00592346163
0.00346157979
0.000537364336
-0.00275600189
-0.00632543117
-0.010078907
-0.0139260814
-0.0177786089
-0.0215503816
-0.0251577739
-0.0285200402
-0.0315599591
-0.0342047103
-0.0363870636
-0.0380467512
-0.0391320325
-0.0396012589
-0.0394243896
-0.0385843031
-0.037077833
-0.0349164009
-0.0321262702
-0.0287482738
-0.0248371512
-0.0204603896
-0.0156967379
-0.0106343385
-0.00536862668
-0.0104104895
-0.0207694136
-0.0310242157
-0.0411204584
-0.0510009974
-0.0606054291
-0.0698697567
-0.0787263215
-0.0871041119
-0.0949293971
-0.10212668
-0.108619966
-0.114334218
-0.119197108
-0.123140641
-0.126103029
-0.128030345
-0.128878027
-0.128612369
-0.127211854
-0.124668308
-0.120988004
-0.116192885
-0.110321589
-0.103430599
-0.0955952108
-0.0869105235
-0.0774917826
-0.0674744695
-0.0570133775
-0.0462809056
-0.0354640372
-0.0247601923
-0.014371763
-0.00449963612
0.00466415612
0.0129441861
0.0201893263
0.0262798481
0.0311333314
0.0347089283
0.0370095223
0.0380815454
0.0380123332
0.0369252041
0.0349724069
0.0323266611
0.0291716438
0.0256922469
0.0220653173
0.0184514746
0.014988523
0.0117869508
0.00892757997
0.00646142615
0.00441151857
0.00277632847
0.00153428293
0.000648813439
7.33706111e-05
-0.000244090304
-0.000357542041
-0.000320465886
-0.000184637116
